##FastQC	0.10.1
>>Basic Statistics	pass
#Measure	Value	
Filename	RC3_2.fastq	
File type	Conventional base calls	
Encoding	Sanger / Illumina 1.9	
Total Sequences	1000	
Filtered Sequences	0	
Sequence length	38-101	
%GC	42	
>>END_MODULE
>>Per base sequence quality	pass
#Base	Mean	Median	Lower Quartile	Upper Quartile	10th Percentile	90th Percentile
1	32.688	34.0	31.0	34.0	31.0	34.0
2	32.837	34.0	31.0	34.0	31.0	34.0
3	32.834	34.0	31.0	34.0	31.0	34.0
4	36.238	37.0	37.0	37.0	35.0	37.0
5	36.119	37.0	37.0	37.0	35.0	37.0
6	36.051	37.0	37.0	37.0	35.0	37.0
7	36.178	37.0	37.0	37.0	35.0	37.0
8	36.133	37.0	37.0	37.0	35.0	37.0
9	38.019	39.0	38.0	39.0	35.0	39.0
10-14	38.1498	39.4	38.4	39.4	35.6	39.4
15-19	39.1834	40.8	39.0	41.0	35.8	41.0
20-24	39.1844	41.0	39.0	41.0	36.2	41.0
25-29	39.0218	40.6	38.8	41.0	35.4	41.0
30-34	38.5918	40.0	38.0	41.0	34.4	41.0
35-39	38.327487887887884	40.0	38.0	41.0	33.4	41.0
40-44	37.869444568089044	40.0	37.2	41.0	32.6	41.0
45-49	37.611053632976095	40.0	36.6	41.0	32.0	41.0
50-54	36.94627608154874	38.8	35.8	40.2	31.2	40.6
55-59	37.50918264379415	39.2	35.4	41.0	32.4	41.0
60-64	37.108302061679424	39.0	35.0	41.0	31.8	41.0
65-69	36.62728262537048	37.4	35.0	40.6	31.4	41.0
70-74	35.815072879328625	36.2	35.0	39.2	30.8	41.0
75-79	34.99814758175219	35.0	34.0	37.8	30.0	39.8
80-84	34.16101099407492	35.0	34.0	36.4	29.2	38.4
85-89	33.95872020432084	35.0	34.0	35.6	30.0	36.8
90-94	33.60117277939622	35.0	34.0	35.0	29.8	36.0
95-99	33.537241309503166	35.0	33.8	35.0	29.8	35.8
100-101	33.639705466407705	35.0	33.5	35.0	30.0	35.5
>>END_MODULE
>>Per sequence quality scores	pass
#Quality	Count
19	1.0
20	0.0
21	0.0
22	1.0
23	1.0
24	4.0
25	4.0
26	6.0
27	14.0
28	13.0
29	13.0
30	18.0
31	14.0
32	19.0
33	43.0
34	45.0
35	81.0
36	126.0
37	199.0
38	300.0
39	98.0
>>END_MODULE
>>Per base sequence content	warn
#Base	G	A	T	C
1	22.5	28.999999999999996	22.6	25.900000000000002
2	21.7	29.2	30.599999999999998	18.5
3	19.0	30.5	30.4	20.1
4	21.4	29.9	28.199999999999996	20.5
5	19.3	32.300000000000004	28.1	20.3
6	21.9	30.4	27.6	20.1
7	21.3	30.4	27.200000000000003	21.099999999999998
8	19.0	28.999999999999996	31.2	20.8
9	18.8	27.6	31.4	22.2
10-14	20.34	29.32	29.520000000000003	20.82
15-19	21.54	29.799999999999997	27.46	21.2
20-24	20.380000000000003	28.38	29.299999999999997	21.94
25-29	20.96	30.28	27.98	20.78
30-34	21.12	28.82	28.139999999999997	21.92
35-39	20.484096819363874	29.545909181836365	28.325665133026607	21.644328865773154
40-44	21.13608992372541	27.940586109995984	28.221597751906863	22.701726214371735
45-49	20.531400966183575	29.307568438003223	28.663446054750402	21.497584541062803
50-54	21.370967741935484	29.092741935483872	27.903225806451616	21.633064516129032
55-59	21.715438950554994	28.87991927346115	28.193743693239153	21.210898082744702
60-64	21.795390214314597	27.739587545491307	28.22482814395471	22.240194096239385
65-69	20.37866449511401	28.623778501628667	28.88843648208469	22.10912052117264
70-74	22.20404825189123	28.664894704559394	28.05152320588837	21.07953383766101
75-79	21.703353219502162	28.471507920181033	27.9983542480971	21.826784612219708
80-84	21.591380024865316	28.367177786987153	28.408619975134684	21.632822213012847
85-89	21.347844286312263	28.128924236082042	28.14985349518627	22.373377982419424
90-94	21.442165362655953	27.80714738845422	28.82216113343202	21.928526115457814
95-99	20.574886535552196	29.371082775016212	28.333693537929545	21.720337151502054
100-101	19.955156950672645	29.316143497757846	27.746636771300448	22.982062780269057
>>END_MODULE
>>Per base GC content	warn
#Base	%GC
1	48.4
2	40.2
3	39.1
4	41.9
5	39.6
6	42.0
7	42.4
8	39.800000000000004
9	41.0
10-14	41.160000000000004
15-19	42.74
20-24	42.32
25-29	41.74
30-34	43.04
35-39	42.128425685137024
40-44	43.83781613809715
45-49	42.028985507246375
50-54	43.00403225806452
55-59	42.9263370332997
60-64	44.03558431055398
65-69	42.487785016286644
70-74	43.28358208955223
75-79	43.530137831721866
80-84	43.22420223787816
85-89	43.72122226873169
90-94	43.37069147811376
95-99	42.295223687054246
100-101	42.937219730941706
>>END_MODULE
>>Per sequence GC content	warn
#GC Content	Count
0	0.0
1	0.0
2	0.0
3	0.0
4	0.0
5	0.0
6	0.0
7	0.0
8	0.0
9	0.0
10	0.0
11	0.0
12	0.0
13	0.0
14	0.5
15	1.0
16	1.0
17	0.5
18	0.0
19	0.0
20	1.0
21	2.0
22	2.5
23	2.5
24	3.0
25	6.0
26	10.0
27	11.0
28	17.0
29	23.5
30	19.5
31	19.5
32	24.0
33	30.5
34	37.0
35	34.0
36	37.0
37	48.0
38	48.0
39	36.0
40	37.5
41	52.5
42	44.5
43	33.5
44	35.0
45	37.0
46	33.5
47	31.5
48	34.0
49	29.0
50	24.0
51	26.5
52	21.5
53	14.5
54	13.5
55	10.0
56	9.5
57	9.0
58	10.5
59	8.5
60	4.0
61	6.5
62	10.0
63	8.0
64	7.5
65	7.5
66	5.5
67	4.5
68	4.0
69	4.5
70	5.0
71	4.5
72	3.5
73	2.5
74	2.5
75	1.5
76	2.0
77	3.5
78	2.5
79	1.0
80	0.0
81	0.5
82	0.5
83	0.5
84	1.0
85	0.5
86	0.0
87	0.0
88	0.0
89	0.0
90	0.0
91	0.0
92	0.0
93	0.0
94	0.0
95	0.0
96	0.0
97	0.0
98	0.0
99	0.0
100	0.0
>>END_MODULE
>>Per base N content	pass
#Base	N-Count
1	0.0
2	0.0
3	0.0
4	0.0
5	0.0
6	0.0
7	0.0
8	0.0
9	0.0
10-14	0.0
15-19	0.0
20-24	0.0
25-29	0.0
30-34	0.0
35-39	0.0
40-44	0.0
45-49	0.0
50-54	0.0
55-59	0.0
60-64	0.0
65-69	0.0
70-74	0.0
75-79	0.0
80-84	0.0
85-89	0.0
90-94	0.0
95-99	0.0
100-101	0.0
>>END_MODULE
>>Sequence Length Distribution	warn
#Length	Count
38-39	3.0
40-41	0.0
42-43	2.0
44-45	1.0
46-47	1.0
48-49	0.0
50-51	1.0
52-53	1.0
54-55	0.0
56-57	0.0
58-59	1.0
60-61	0.0
62-63	3.0
64-65	4.0
66-67	2.0
68-69	0.0
70-71	3.0
72-73	2.0
74-75	2.0
76-77	2.0
78-79	3.0
80-81	4.0
82-83	4.0
84-85	3.0
86-87	3.0
88-89	4.0
90-91	4.0
92-93	7.0
94-95	10.0
96-97	10.0
98-99	15.0
100-101	905.0
>>END_MODULE
>>Sequence Duplication Levels	pass
#Total Duplicate Percentage	0.0
#Duplication Level	Relative count
1	100.0
2	0.0
3	0.0
4	0.0
5	0.0
6	0.0
7	0.0
8	0.0
9	0.0
10++	0.0
>>END_MODULE
>>Overrepresented sequences	pass
>>END_MODULE
>>Kmer Content	warn
#Sequence	Count	Obs/Exp Overall	Obs/Exp Max	Max Obs/Exp Position
AAAAA	620	3.3252344	7.631011	1
GGAGG	190	3.139583	15.673956	3
GGCGG	125	2.7487018	10.429125	7
CGGCG	120	2.6504898	10.47551	6
TTTTT	405	2.5099363	6.46637	20-24
CTCCC	140	2.423879	8.211323	1
CCTCC	140	2.423879	8.211323	2
CTTCC	180	2.4105248	6.3513985	1
TCCTC	180	2.4105248	12.702797	3
CCACC	140	2.354808	7.9773326	1
CCTTC	175	2.343566	6.4612393	60-64
GCAGC	135	2.2506435	9.584053	50-54
CAAAA	315	2.2482278	6.770021	1
AGGAG	180	2.245013	17.745893	5
CCGCC	100	2.2284324	10.568897	8
TTCCT	215	2.2270691	5.2430725	85-89
TCTCC	165	2.209648	6.3513985	1
CTCTC	165	2.209648	12.702797	5
GCGCG	100	2.2087417	6.574588	75-79
AAAAT	390	2.1530325	7.854842	3
CATCA	220	2.150835	9.273521	4
GGGAG	130	2.1481357	7.836978	1
GAGGG	130	2.1481357	7.836978	4
CCTCT	160	2.1426888	19.054193	4
GAAAA	295	2.0961602	10.1100645	2
AGAAA	295	2.0961602	10.1100645	1
GTGGC	120	2.0501344	16.205458	1
CACCA	160	2.0223124	5.9945765	1
CAGCA	160	2.0133576	5.968033	1
TCCCT	150	2.0087707	6.351398	4
CGCCG	90	1.9967086	10.5220995	1
GGAGA	160	1.9955674	11.830598	6
AGGGT	155	1.9899105	12.17761	8
AGGGG	120	1.9828945	6.8370576	90-94
TGAAA	270	1.9747933	6.937742	1
CTTTG	190	1.9593934	9.782014	9
TTTTG	240	1.9144121	7.566315	3
TCATC	190	1.9120245	5.382818	95-97
GGGGA	115	1.9002739	15.673956	1
GGCCG	85	1.8774303	10.47551	3
GCCGG	85	1.8774303	10.475509	4
GCGGC	85	1.8774303	10.47551	5
CTCCT	140	1.8748527	12.702796	5
GGGGG	85	1.8608409	11.710089	95-97
TGGTG	140	1.8500577	6.330708	40-44
TTTGG	180	1.8480479	9.738699	7
AAGAA	260	1.8474635	6.7400436	1
CCCTC	105	1.8179094	6.9440365	80-84
TCTCT	175	1.8127308	5.997265	60-64
TCGCC	105	1.8098599	8.174965	4
GCATG	140	1.8053322	6.1158853	1
CGCCC	80	1.7827461	10.568897	1
CGCGC	80	1.7748519	10.5220995	9
CTTCT	170	1.7609385	9.825519	7
TCCTT	170	1.7609385	14.738278	9
GCCCA	105	1.7582859	7.94201	1
GCCAC	105	1.7582859	15.88402	4
CCATG	135	1.7485988	6.1430864	3
GAGGA	140	1.7461215	11.830597	4
TTGGA	175	1.7455142	14.191777	8
TGTGG	130	1.7179108	6.3052325	35-39
ATTTT	280	1.6858164	5.7110043	1
TGCCA	130	1.6838359	12.286173	3
CCGGC	75	1.6639237	10.5220995	7
GGCGA	100	1.6597615	7.871834	1
TGGCT	125	1.659184	6.2952757	2
CGGGG	75	1.6492212	11.587916	95-97
TTAGG	165	1.6457703	9.461184	2
TGTTG	160	1.6427093	6.3721037	90-94
CTCGC	95	1.6374923	18.166588	95-97
CCTGC	95	1.6374923	8.174965	4
CGTCG	95	1.6302416	8.138767	2
ATGCC	125	1.6190728	6.1430864	1
CACAT	165	1.6131263	9.273521	7
TTTCC	155	1.6055616	9.825519	5
TAGGG	125	1.6047664	6.0888047	3
CGCCA	95	1.5908301	7.94201	5
GGCCA	95	1.5837864	7.906845	3
GAGGC	95	1.5767732	6.5056467	70-74
GCCAA	125	1.5729357	5.968033	4
GAAGG	125	1.5590369	5.915298	3
CCCTG	90	1.5513084	8.174965	3
CTGCC	90	1.5513084	8.174965	4
GGATC	120	1.5474278	6.1158857	5
GATGC	120	1.5474275	6.1158853	8
GCTCG	90	1.5444394	16.277534	1
GCGGG	70	1.539273	10.429125	4
ACAAA	215	1.5345048	5.509681	60-64
CTCTG	115	1.5332383	12.646549	5
TATAT	260	1.5207932	5.548263	1
GGTTG	115	1.5196905	12.534803	9
GGGTT	115	1.5196903	6.267401	4
CCACA	120	1.5167344	5.9945765	5
CCCAC	90	1.5138052	7.9773326	3
ATTTG	195	1.5111355	7.3507056	4
AGCAG	120	1.5033321	5.941607	6
ATGAA	205	1.4993801	10.406613	5
AACAA	210	1.4988186	6.1983914	60-64
GGAAG	120	1.4966755	11.830598	7
TCACC	115	1.496172	6.1704082	1
CTCCA	115	1.4961718	6.1704082	4
TGGAT	150	1.4961549	9.4611845	9
TGATG	150	1.4961549	9.4611845	9
GTTGT	145	1.4887053	5.944272	60-64
CATGG	115	1.4829516	12.231771	4
ATGGC	115	1.4829514	6.1158853	4
AAATT	260	1.4774567	8.085239	5
TGGAG	115	1.4763851	6.0888047	2
TTTGA	190	1.4723883	7.350704	4
GCTTC	110	1.4665759	7.0258613	95-97
TGCCT	110	1.4665757	6.3232746	2
GAAAT	200	1.4628099	6.937742	2
TGGGC	85	1.4521785	8.102729	2
GCCCC	65	1.4484811	6.703318	80-84
GTGGG	85	1.4457484	16.133701	6
TTCTT	180	1.4421948	7.599966	7
AGAGG	115	1.4343139	5.915298	3
AAGTT	190	1.4304312	10.71186	9
TTGAA	190	1.430431	7.1412387	5
CACCG	85	1.4233743	7.94201	2
CAGCC	85	1.4233743	7.94201	3
TGGCA	110	1.4184753	12.2317705	8
TAAAA	255	1.4077519	5.2365613	9
TCCTG	105	1.3999132	6.3232746	6
AAATG	190	1.3896697	6.937742	3
AAAGT	190	1.3896697	6.937742	2
GTCCC	80	1.3789408	8.174965	4
GAGCA	110	1.3780543	5.9416065	2
AACCA	145	1.3772	9.009263	3
AATTT	235	1.3745632	5.5482635	3
GCTGC	80	1.3728352	8.138767	1
TGGCC	80	1.372835	8.138766	2
GCCGT	80	1.372835	8.138766	6
GGGAA	110	1.3719525	5.9152985	2
GAGAG	110	1.3719524	5.915298	2
GAAAC	145	1.3711019	8.96937	6
CCTCA	105	1.36607	12.3408165	1
CTGCA	105	1.3600212	6.1430864	1
CATGC	105	1.3600212	6.1430864	1
CCAGC	80	1.3396465	7.94201	6
GCACC	80	1.3396465	7.94201	2
GCGAC	80	1.3337147	7.906844	5
TTGCC	100	1.3332506	6.3232746	2
CAGGG	80	1.3278092	7.871834	7
GCGAG	80	1.3278092	6.4391274	65-69
GGCTT	100	1.3273473	5.0666203	35-39
TCTGG	100	1.3273473	12.590552	7
CTTGG	100	1.3273473	6.295276	4
CTGTG	100	1.3273472	6.2952757	2
AAACT	180	1.3223845	6.9685993	7
TTTTC	165	1.322012	7.599967	5
CAAGC	105	1.3212662	11.936067	6
GGGGC	60	1.319377	10.429124	3
GGGCG	60	1.319377	10.429125	6
GAAAG	140	1.3179606	8.929655	1
GTTTA	170	1.3174	7.350704	7
GTTTT	165	1.3161582	7.566314	7
CCACT	100	1.3010192	6.1704087	4
TCCCA	100	1.3010191	6.1704082	1
ACCTC	100	1.3010191	12.3408165	2
CCATC	100	1.3010191	6.1704082	4
GCCTC	75	1.292757	8.174965	1
GTCGA	100	1.2895231	6.1158857	7
GAGCT	100	1.289523	6.1158853	7
AAACC	135	1.2822207	9.009263	1
ATCAC	130	1.270948	9.273521	5
AAATA	230	1.2697371	5.2365613	5
TGCTC	95	1.2665882	6.3232746	2
TGCAA	130	1.2653203	9.232458	7
CCAAC	100	1.2639451	5.994576	4
GATGA	130	1.2597176	9.191577	1
GGTGT	95	1.2553965	6.2674017	5
CCAGG	75	1.2503575	7.906844	5
GCCAG	75	1.2503575	7.906844	5
ATCAT	165	1.2477413	5.3932333	95-97
AGGGA	100	1.2472296	5.9152985	1
ATTGG	125	1.2467958	9.4611845	7
TAGAA	170	1.2433884	6.937742	1
TTGTG	120	1.232032	9.738699	4
GGCTA	95	1.225047	12.231771	7
AAGAG	130	1.2238207	8.929655	7
CGGCC	55	1.2202109	10.5221	8
GGCCC	55	1.2202109	10.5221	9
GCCGC	55	1.2202107	10.5220995	2
ATGCA	125	1.2166542	9.232458	6
GGGCC	55	1.2148079	7.590949	90-94
TGAAG	125	1.211267	9.191579	7
CGTCC	70	1.2065734	5.130731	75-79
GCTCC	70	1.2065734	8.174965	3
AATTG	160	1.2045738	10.71186	5
GATCT	120	1.2022473	9.503263	6
GGCTC	70	1.2012308	8.138767	3
GTCTC	90	1.1999257	5.1461034	60-64
CCAAG	95	1.1954311	5.968033	3
ACCAG	95	1.1954311	5.968033	4
GTTGC	90	1.1946125	5.4920616	90-94
TTGGC	90	1.1946125	6.2952757	7
GGGTG	70	1.1906164	8.066851	4
GTTGG	90	1.1893228	12.534802	9
ACCCG	70	1.1721907	7.94201	3
ATCCC	90	1.1709172	6.1704082	8
AATGA	160	1.170248	6.937742	4
CGACG	70	1.1670004	5.1735077	90-94
CCGGA	70	1.1670003	7.906843	5
ATTGA	155	1.1669306	10.711859	7
GCCAT	90	1.1657325	6.1430864	2
CGAGG	70	1.161833	7.871834	9
CGGAG	70	1.161833	7.871834	6
AGCTG	90	1.1605707	6.1158853	2
GGTGA	90	1.155432	6.088805	7
TTGAG	115	1.1470522	9.4611845	3
AACTA	155	1.1387198	6.9685984	2
TTCCC	85	1.1383032	6.3513975	3
CCCAA	90	1.1375507	5.9945765	2
AAGCA	120	1.1347052	8.969372	5
CTTCG	85	1.1332631	6.3232746	8
TCGTC	85	1.1332631	6.3232746	9
AGCAC	90	1.1325136	11.936066	1
ATAAA	205	1.1317221	5.2365613	3
AGTAT	150	1.1292876	7.1412387	9
CTGGT	85	1.1282451	12.590552	7
GTGCT	85	1.1282451	6.2952757	4
TCCAA	115	1.1243001	6.9279237	85-89
TTGGG	85	1.1232494	6.267401	4
CCGTC	65	1.1203895	8.174965	1
GCCCT	65	1.1203895	8.174965	2
CGCTC	65	1.1203895	8.174965	1
TCAAG	115	1.119322	9.232459	5
CCTGG	65	1.1154286	6.119374	95-97
CCGGT	65	1.1154284	8.138766	9
CCCCG	50	1.1142161	10.568897	9
GCGTG	65	1.1104895	5.085395	75-79
GGTCG	65	1.1104895	8.102729	6
TCTCA	110	1.1069616	5.303073	95-97
CGCGG	50	1.1043708	8.525338	60-64
CTAAA	150	1.101987	6.9685984	8
CCTGA	85	1.1009696	6.2051377	50-54
AACTT	145	1.0964999	7.1730003	5
GGTCA	85	1.0960947	6.1158857	8
TGGGA	85	1.0912412	12.17761	9
AGTGG	85	1.0912411	6.0888047	6
CAGGC	65	1.0836432	7.906844	1
AGCGC	65	1.0836432	7.906844	1
AGGCC	65	1.0836431	7.906843	2
GCAGG	65	1.078845	15.743668	7
GACGG	65	1.078845	8.746482	95-97
TCGCT	80	1.0666006	6.3232746	3
CTGTC	80	1.0666006	6.3232746	6
GAAGT	110	1.065915	13.787368	8
GCAAG	85	1.0648602	5.941607	8
AGAGC	85	1.0648601	5.9416065	3
GCTGT	80	1.0618778	6.295276	1
GTTCA	105	1.0519663	9.503263	1
CCCAT	80	1.0408154	6.1704087	2
CTCAC	80	1.0408152	6.1704082	3
ACTCC	80	1.0408152	5.2682247	85-89
CACTG	80	1.0362067	6.1430864	1
GCATC	80	1.0362066	6.1430864	3
CGATC	80	1.0362066	6.1430864	5
TGCAC	80	1.0362066	6.1430864	2
TCCCG	60	1.0342056	8.174964	4
CTCCG	60	1.0342056	8.174964	3
CCTCG	60	1.0342056	6.4033656	75-79
TGAGC	80	1.0316184	6.1158853	1
TCTGT	100	1.0312597	9.782014	9
TTCTG	100	1.0312597	9.782013	6
CGTGC	60	1.0296264	8.187894	35-39
GTGCC	60	1.0296263	8.138766	5
GGGTA	80	1.0270506	6.088805	6
GTGAG	80	1.0270505	6.0888047	5
TCACA	105	1.0265349	9.273521	6
GGGTC	60	1.0250672	8.102729	5
GAATA	140	1.0239669	6.9377418	1
TTTAT	170	1.0235314	5.711004	2
AAGTC	105	1.0219896	9.232459	5
TCAGA	105	1.0219896	9.232459	3
TCTAT	130	1.0119042	7.383398	5
ATCTT	130	1.0119042	11.075097	7
CCAGA	80	1.0066788	5.968033	8
GAACC	80	1.0066788	11.936065	2
ACGCC	60	1.0047349	7.94201	8
CAAGG	80	1.0022215	5.9416075	9
GCCGA	60	1.000286	7.906843	1
CAGCG	60	1.000286	7.906844	3
GCTCT	75	0.99993813	6.323275	1
CTTGC	75	0.9999381	6.323275	1
CTGCT	75	0.999938	6.3232746	3
TTCGC	75	0.99993795	6.323274	7
CCGCG	45	0.9983543	10.5220995	3
GCGCC	45	0.9983543	10.5221	7
GGGAC	60	0.99585676	7.871833	2
GTCGT	75	0.99551046	6.295276	4
TTTAA	170	0.99436474	5.548263	7
TGGGT	75	0.9911024	12.534802	5
CATTA	130	0.9830689	7.1730003	9
CCCTA	75	0.97576433	6.1704082	1
AGATC	100	0.9733233	5.2062736	95-97
AGTCA	100	0.9733233	9.232458	6
TGACC	75	0.9714437	6.1430864	7
CTAGG	75	0.96714234	12.231771	9
GCTGA	75	0.96714234	6.1158857	5
CAGGT	75	0.96714234	6.1158857	4
GCTAG	75	0.96714234	6.1158857	8
AGTCG	75	0.9671422	12.2317705	6
TGCAG	75	0.9671422	6.1158853	1
GTGGA	75	0.9628599	6.088805	7
ATGGG	75	0.96285987	6.0888047	1
ACTAA	130	0.95505536	6.9685984	2
GCATT	95	0.95177907	9.503263	8
TTCAG	95	0.95177907	9.503263	2
CGCCT	55	0.9480218	8.174965	8
CACAC	75	0.9479588	11.989152	4
CTAAT	125	0.94525856	7.1730003	3
TCTAA	125	0.94525856	7.1730003	7
GGTCC	55	0.9438241	8.138767	5
CGCTG	55	0.9438241	8.138767	4
GCACA	75	0.9437614	5.968033	2
AGCCA	75	0.9437614	5.968033	4
GGTGC	55	0.939645	8.10273	8
GGGCT	55	0.939645	8.10273	3
CAGAG	75	0.9395826	5.941607	9
TATAA	165	0.93761665	5.390159	2
ATTAT	160	0.93587273	5.548263	4
AAGGG	75	0.93542224	5.915299	4
GCCTT	70	0.93327546	6.3232746	8
GTCCT	70	0.93327546	6.3232746	6
TGTCC	70	0.93327546	6.3232746	3
CTTTC	90	0.9322616	9.825519	1
CACGG	55	0.9169288	7.906844	4
GACGC	55	0.9169288	7.906844	7
AGCCG	55	0.9169288	7.906844	7
CGCGA	55	0.91692877	7.906843	4
GGACG	55	0.91286886	7.871834	3
AGCGG	55	0.91286886	7.871834	4
CAGCT	70	0.9066808	6.1430864	1
ACTGC	70	0.9066808	6.1430864	2
TAATT	155	0.9066267	5.548263	4
GTAGC	70	0.9026661	6.1158853	2
CGATG	70	0.9026661	12.2317705	3
GTCAT	90	0.9016854	9.503263	9
GAGGT	70	0.89866924	6.088805	7
CCCGC	40	0.89137304	10.568897	4
AACCC	70	0.8847617	5.9945765	2
GGCGC	40	0.88349664	6.394004	60-64
AAGCC	70	0.8808441	5.9680333	4
CCATA	90	0.8798871	13.910281	3
CGGAA	70	0.87694377	5.941607	6
GGCAA	70	0.87694377	11.883214	9
GAAGC	70	0.87694365	5.9416065	3
CCGTT	65	0.866613	6.7992196	90-94
GTGTC	65	0.8627757	6.2952757	4
GCGTC	50	0.8580219	6.726254	70-74
TCGGG	50	0.85422266	8.102729	1
CTGGG	50	0.85422266	8.102729	4
GCTGG	50	0.85422266	8.102729	3
TGGGG	50	0.85044026	8.066851	7
TCACG	65	0.84191793	6.1430864	3
TCCAG	65	0.8419179	6.1430864	7
GTCAC	65	0.8419179	6.1430864	2
GGCAT	65	0.83819	6.1158857	6
ATCGG	65	0.83819	6.1158857	1
ACGTG	65	0.83818996	6.1158853	3
CGGGA	50	0.8298808	7.871834	4
ATAGG	85	0.82366157	5.1832213	95-97
ACAGC	65	0.81792665	5.9680333	2
CGACA	65	0.8179266	5.968033	1
GCAGA	65	0.81430495	6.001623	40-44
ACGGA	65	0.81430495	5.941607	5
GAGAC	65	0.8143048	5.9416065	6
ATAGA	110	0.80454546	6.937742	7
CTCGT	60	0.7999504	6.3232746	2
ATAAT	140	0.7955535	5.065939	95-97
GTGTG	60	0.7928819	6.267401	6
CTATT	100	0.77838784	7.383398	6
CCGTA	60	0.777155	6.1430864	6
CAGTC	60	0.777155	6.1430864	5
AGCTC	60	0.777155	6.1430864	8
CCGAT	60	0.777155	6.1430864	2
AGGTC	60	0.7737139	6.1158857	4
AGTGC	60	0.77371377	6.1158853	3
AGGCT	60	0.77371377	6.7954283	95-97
GTCGC	45	0.7722197	8.138767	3
TGCCG	45	0.7722197	8.138767	5
GGAGT	60	0.770288	6.088805	2
GGCGT	45	0.76880044	8.10273	7
ACCAC	60	0.75836706	5.994576	1
AACCG	60	0.75500923	11.936067	9
CCACG	45	0.7535511	7.94201	1
GACCC	45	0.7535511	7.94201	8
TGAAT	100	0.7528584	7.1412387	6
GTATA	100	0.7528584	7.1412387	1
GATTG	75	0.74807745	9.4611845	2
ATTCT	95	0.73946846	7.383398	5
TAACA	100	0.73465794	6.9685984	9
TCCGT	55	0.7332879	6.3232746	4
TAACC	75	0.73323923	13.910281	8
GTTCG	55	0.73004097	6.2952757	3
TGTCG	55	0.73004097	6.2952757	3
CGGTT	55	0.73004097	6.295276	6
TAAGC	75	0.7299925	9.232458	4
TAAGT	95	0.7152155	7.1412387	1
GTCCA	55	0.7123921	6.1430864	7
CATCG	55	0.7123921	6.1430864	8
ATCCG	55	0.7123921	6.1430864	7
ACCGT	55	0.7123921	6.1430864	3
AGTCC	55	0.71239203	5.35929	90-94
CGTGA	55	0.70923775	6.576221	90-94
CTGGA	55	0.70923775	6.1158857	8
TCAGG	55	0.70923775	6.1158857	3
TAGGC	55	0.70923764	6.1158853	5
CTGAG	55	0.70923764	6.1158853	7
GGGAT	55	0.70609725	6.088805	2
GATGG	55	0.70609725	6.0888047	2
CACAG	55	0.6920917	5.968033	8
CCGAA	55	0.6920917	5.968033	1
CCGCT	40	0.6894704	8.174965	6
GACAG	55	0.68902725	6.601785	95-97
AGGAC	55	0.68902713	5.9416065	2
CGTGG	40	0.6833781	16.205458	6
GTGCG	40	0.6833781	8.102729	9
CGTTT	65	0.6703188	9.782014	6
GGACC	40	0.66685736	5.9449954	95-97
ACCGG	40	0.66685736	7.906844	6
TCTGC	50	0.6666254	6.323275	6
GGTTC	50	0.66367364	6.295276	3
TCGTG	50	0.6636736	6.2952757	3
TCTTA	85	0.6616297	7.383398	8
CTCAG	50	0.64762914	6.1430864	2
CGTAC	50	0.64762914	6.1430864	1
CACGT	50	0.64762914	12.286173	2
GCGAT	50	0.64476156	6.1158857	2
GTCAG	50	0.6447615	6.629686	90-94
ATTTA	110	0.6434125	5.548263	6
GTAAT	85	0.63992965	7.1412387	8
ACACC	50	0.6319726	5.9945765	5
CACGA	50	0.6291743	5.968033	1
ACGAC	50	0.6291743	5.968033	2
TCCGC	35	0.6032866	5.0671268	70-74
CCCGT	35	0.6032866	8.174965	8
TCTCG	45	0.59996283	6.3232746	6
CGTTC	45	0.59996283	6.323275	2
GGCTG	35	0.5979559	8.102729	5
TGCGG	35	0.5979559	8.102729	3
ACCCC	35	0.588702	7.9773326	8
CATAA	80	0.58772635	6.9685984	7
ATAAC	80	0.58772635	6.9685984	8
CTAAG	60	0.58399403	9.232459	3
CGCAG	35	0.5835002	7.906844	3
CGACT	45	0.58286625	6.1430864	3
TCGCA	45	0.58286625	6.1430864	8
GACCT	45	0.58286625	6.1430864	1
ATCGC	45	0.58286625	6.1430864	9
AGGGC	35	0.58091646	7.871833	5
TGACG	45	0.5802854	6.1158853	4
GAGTG	45	0.57771593	6.088805	3
ACACG	45	0.56625694	5.9680333	1
CGAAC	45	0.5662568	5.968033	1
GACAC	45	0.5662568	5.968033	7
ACCGA	45	0.5662568	5.968033	7
GGACA	45	0.56374955	5.941607	3
GAATC	55	0.53532785	9.232458	7
CGCTT	40	0.5333003	6.3232746	9
GGTAA	55	0.5329575	9.19158	7
GTGAA	55	0.53295743	9.191577	2
GCGTT	40	0.5309389	6.295276	1
CGTTG	40	0.5309389	6.295276	8
TACCC	40	0.5204076	6.1704082	7
CTACG	40	0.51810336	6.1430864	1
GACTG	40	0.5158092	6.1158853	4
TCGAG	40	0.5158092	6.1158853	8
TCGCG	30	0.5148132	8.138767	8
CTGCG	30	0.5148132	8.138767	2
CTAAC	50	0.48882616	9.273521	7
ACCCT	35	0.45535672	6.1704087	9
TACGG	35	0.4513331	6.1158857	2
CGTAG	35	0.4513331	6.1158857	1
ACGGT	35	0.4513331	6.1158857	5
AGACC	35	0.44042197	5.9680324	7
CGGGT	25	0.42711136	8.10273	3
CGCAC	25	0.4186395	7.94201	1
GCGCA	25	0.41678587	7.906845	2
ACGGG	25	0.4149404	7.871834	3
GTACC	30	0.3885775	6.1430864	2
GCACT	30	0.3885775	6.1430864	2
ACTCG	30	0.3885775	6.1430864	7
GACGT	30	0.38685694	6.1158857	3
CAGTG	30	0.38685688	6.1158853	2
CGCAT	25	0.32381457	6.1430864	9
CAGAC	20	0.2516697	5.968033	1
AACGG	20	0.25055537	5.9416075	4
AGACG	15	0.1879165	5.9416065	2
CCGCA	5	0.0837279	7.94201	5
>>END_MODULE
