##FastQC	0.10.1
>>Basic Statistics	pass
#Measure	Value	
Filename	RC3_1.fastq	
File type	Conventional base calls	
Encoding	Sanger / Illumina 1.9	
Total Sequences	1000	
Filtered Sequences	0	
Sequence length	33-101	
%GC	42	
>>END_MODULE
>>Per base sequence quality	pass
#Base	Mean	Median	Lower Quartile	Upper Quartile	10th Percentile	90th Percentile
1	30.078	28.0	28.0	34.0	28.0	34.0
2	33.752	34.0	34.0	35.0	31.0	35.0
3	34.26	35.0	34.0	35.0	31.0	37.0
4	36.177	37.0	35.0	37.0	35.0	37.0
5	36.201	37.0	35.0	37.0	35.0	37.0
6	36.3	37.0	36.0	37.0	35.0	37.0
7	37.236	37.0	37.0	39.0	35.0	39.0
8	37.283	37.0	37.0	39.0	35.0	39.0
9	38.013	39.0	38.0	39.0	35.0	39.0
10-14	38.68	39.4	38.6	40.2	36.0	40.2
15-19	39.5064	41.0	39.0	41.0	36.4	41.0
20-24	39.3256	40.4	39.0	41.0	36.0	41.0
25-29	39.181799999999996	40.0	38.6	41.0	36.0	41.0
30-34	38.88430690690691	40.0	38.0	41.0	34.8	41.0
35-39	38.50514903681236	40.0	38.0	41.0	34.0	41.0
40-44	38.1268239588505	40.0	37.6	41.0	33.6	41.0
45-49	37.72408779404752	40.0	37.0	41.0	32.8	41.0
50-54	37.81366112956324	40.0	36.2	41.0	32.8	41.0
55-59	37.52391523713421	39.2	35.2	41.0	32.2	41.0
60-64	36.69523671813519	38.2	35.0	40.4	31.2	41.0
65-69	36.10024509727981	36.8	34.4	40.0	30.4	41.0
70-74	35.01954228405019	35.6	33.4	38.6	29.2	40.6
75-79	34.03461466662001	34.8	32.6	36.8	28.6	39.0
80-84	34.18186992858358	35.0	33.8	36.0	29.8	38.0
85-89	33.78134315127837	35.0	33.4	35.2	29.8	36.6
90-94	33.46287453242495	35.0	33.0	35.0	29.6	36.0
95-99	33.400686769154674	35.0	33.0	35.0	29.4	35.4
100-101	33.481132237067484	35.0	33.0	35.0	30.0	35.0
>>END_MODULE
>>Per sequence quality scores	pass
#Quality	Count
22	1.0
23	0.0
24	0.0
25	1.0
26	3.0
27	2.0
28	6.0
29	9.0
30	25.0
31	22.0
32	35.0
33	60.0
34	53.0
35	76.0
36	114.0
37	222.0
38	285.0
39	86.0
>>END_MODULE
>>Per base sequence content	warn
#Base	G	A	T	C
1	19.0	31.1	28.999999999999996	20.9
2	21.5	28.299999999999997	29.099999999999998	21.099999999999998
3	19.5	29.7	31.1	19.7
4	22.6	29.2	28.000000000000004	20.200000000000003
5	19.7	31.2	29.2	19.900000000000002
6	19.5	31.4	30.2	18.9
7	21.9	28.499999999999996	31.2	18.4
8	21.6	29.799999999999997	28.000000000000004	20.599999999999998
9	22.3	28.499999999999996	26.400000000000002	22.8
10-14	20.880000000000003	29.84	29.2	20.080000000000002
15-19	21.099999999999998	29.5	28.660000000000004	20.74
20-24	21.98	29.64	28.000000000000004	20.380000000000003
25-29	20.3	29.2	27.76	22.74
30-34	21.804360872174435	29.725945189037805	27.125425085017003	21.344268853770753
35-39	21.3784812662793	28.932077739931877	28.471248246844322	21.2181927469445
40-44	21.60753658047705	29.204249348566847	28.362397274002802	20.825816796953298
45-49	21.686746987951807	29.518072289156628	27.85140562248996	20.943775100401606
50-54	21.71635777598711	29.331184528605963	28.52538275584206	20.427074939564868
55-59	21.493440968718467	28.43592330978809	28.75882946518668	21.311806256306763
60-64	21.28692836908134	29.44152165115338	28.14649939295832	21.125050586806964
65-69	21.29648445437919	28.55110749847592	28.713676082097134	21.438731965047754
70-74	21.910801963993453	29.45990180032733	28.068739770867428	20.560556464811782
75-79	21.256436663233778	28.959835221421216	28.362512873326466	21.421215242018537
80-84	20.91963545981773	28.976801988400997	28.417564208782103	21.68599834299917
85-89	21.15023963325693	28.714315482392166	27.984996874348823	22.150448010002084
90-94	21.229284665408013	27.963079504929727	28.046989720998532	22.760646108663728
95-99	21.818572656921752	28.67583834909716	27.472055030094584	22.0335339638865
100-101	22.102747909199522	27.718040621266425	29.03225806451613	21.14695340501792
>>END_MODULE
>>Per base GC content	pass
#Base	%GC
1	39.900000000000006
2	42.6
3	39.2
4	42.8
5	39.6
6	38.4
7	40.300000000000004
8	42.199999999999996
9	45.1
10-14	40.96
15-19	41.839999999999996
20-24	42.36
25-29	43.04
30-34	43.148629725945185
35-39	42.596674013223804
40-44	42.43335337743035
45-49	42.63052208835341
50-54	42.143432715551974
55-59	42.80524722502523
60-64	42.4119789558883
65-69	42.73521641942695
70-74	42.47135842880524
75-79	42.67765190525232
80-84	42.6056338028169
85-89	43.30068764325901
90-94	43.989930774071745
95-99	43.85210662080826
100-101	43.24970131421744
>>END_MODULE
>>Per sequence GC content	fail
#GC Content	Count
0	0.0
1	0.0
2	0.0
3	0.0
4	0.0
5	0.0
6	0.0
7	0.0
8	0.0
9	0.0
10	0.0
11	0.0
12	0.0
13	0.0
14	0.0
15	0.5
16	0.5
17	0.5
18	1.0
19	0.5
20	2.0
21	2.5
22	2.5
23	4.0
24	7.0
25	7.0
26	6.5
27	12.0
28	15.5
29	17.5
30	22.5
31	31.0
32	36.0
33	35.0
34	31.0
35	29.0
36	38.5
37	42.5
38	37.5
39	45.0
40	47.5
41	40.0
42	37.5
43	40.5
44	37.5
45	30.5
46	31.5
47	32.0
48	29.5
49	22.0
50	17.5
51	16.5
52	14.0
53	12.5
54	14.0
55	16.0
56	10.5
57	10.0
58	11.5
59	10.0
60	9.0
61	9.5
62	10.5
63	9.0
64	7.0
65	5.0
66	3.5
67	2.0
68	6.0
69	8.0
70	4.0
71	3.0
72	6.5
73	6.5
74	4.5
75	6.5
76	7.0
77	3.5
78	1.0
79	0.5
80	1.0
81	2.5
82	1.5
83	0.0
84	0.0
85	0.0
86	0.0
87	0.0
88	0.0
89	0.0
90	0.0
91	0.0
92	0.0
93	0.0
94	0.0
95	0.0
96	0.0
97	0.0
98	0.0
99	0.0
100	0.0
>>END_MODULE
>>Per base N content	pass
#Base	N-Count
1	0.0
2	0.0
3	0.0
4	0.0
5	0.0
6	0.0
7	0.0
8	0.0
9	0.0
10-14	0.0
15-19	0.0
20-24	0.0
25-29	0.0
30-34	0.0
35-39	0.0
40-44	0.0
45-49	0.0
50-54	0.0
55-59	0.0
60-64	0.0
65-69	0.0
70-74	0.0
75-79	0.0
80-84	0.0
85-89	0.0
90-94	0.0
95-99	0.0
100-101	0.0
>>END_MODULE
>>Sequence Length Distribution	warn
#Length	Count
32-33	1.0
34-35	1.0
36-37	0.0
38-39	0.0
40-41	0.0
42-43	1.0
44-45	1.0
46-47	0.0
48-49	2.0
50-51	1.0
52-53	2.0
54-55	0.0
56-57	0.0
58-59	1.0
60-61	2.0
62-63	2.0
64-65	1.0
66-67	1.0
68-69	1.0
70-71	6.0
72-73	5.0
74-75	1.0
76-77	0.0
78-79	2.0
80-81	3.0
82-83	3.0
84-85	3.0
86-87	1.0
88-89	2.0
90-91	2.0
92-93	8.0
94-95	7.0
96-97	13.0
98-99	507.0
100-101	420.0
>>END_MODULE
>>Sequence Duplication Levels	pass
#Total Duplicate Percentage	0.0
#Duplication Level	Relative count
1	100.0
2	0.0
3	0.0
4	0.0
5	0.0
6	0.0
7	0.0
8	0.0
9	0.0
10++	0.0
>>END_MODULE
>>Overrepresented sequences	pass
>>END_MODULE
>>Kmer Content	warn
#Sequence	Count	Obs/Exp Overall	Obs/Exp Max	Max Obs/Exp Position
TTTTT	545	3.2689888	8.256296	95-97
CGGCG	125	3.2203166	14.184592	95-97
GGAGG	145	2.7955306	9.041513	35-39
CGCCG	110	2.7524257	11.675914	2
GGCGG	95	2.5198677	12.377193	1
CCTCC	140	2.5126083	9.516606	95-97
GAGGG	125	2.40994	10.61511	95-97
GCGGC	90	2.318628	12.021441	2
AAAAA	480	2.2984934	6.9285173	95-97
GCACC	130	2.2963743	8.242659	1
ATGCA	225	2.1964889	9.110546	7
CCCTC	120	2.1536644	6.8086286	45-49
CTTTT	265	2.0905366	7.3622384	3
ACCCT	160	2.0871744	6.087049	2
GTGGC	105	2.0567565	9.140324	7
GAGGA	150	2.0415683	6.3509784	6
TGCAC	150	2.0146317	9.716563	95-97
GAGAG	145	1.973516	6.3509784	2
CTGCT	140	1.9669595	19.66784	2
TGGCA	140	1.9359674	8.398241	85-89
GGCGC	75	1.93219	13.660729	95-97
GGGAG	100	1.9279522	8.996306	3
AGAGA	195	1.8736296	8.966998	6
AACCC	150	1.8705403	5.818939	3
TTGTT	230	1.8681223	7.5801096	3
TTTTC	235	1.8538721	7.3622384	4
CTTCC	135	1.8421947	6.3675117	3
CATCC	140	1.8262776	7.182358	95-97
CCGCC	75	1.822714	11.34032	2
CGAGC	100	1.8187165	8.486586	6
GCTGC	95	1.8073888	8.877608	4
GCCGG	70	1.8033773	7.2128654	15-19
GCATG	130	1.7976841	7.332556	95-97
TGCAT	175	1.7870946	9.53032	8
TTTGT	220	1.7868996	7.5801096	3
TGGAG	125	1.7796954	6.643603	3
CAAGA	190	1.7731155	8.709264	8
AGGAG	130	1.7693591	6.3509784	1
CGCAC	100	1.7664418	16.485317	7
CACGC	100	1.7664418	9.366658	95-97
TGTTG	160	1.7597786	5.1476727	30-34
TCGCC	95	1.7554398	8.622442	8
GCTCC	95	1.7554398	9.79823	95-97
CACGG	95	1.7277806	5.601706	90-94
GCACG	95	1.7277806	8.486585	8
GGGCG	65	1.72412	7.719663	65-69
CCTTT	165	1.7119488	6.213617	80-84
CTCCA	130	1.6958293	6.917101	95-97
GAAAA	250	1.6957645	5.602026	95-97
GGCGA	90	1.6852841	8.73773	3
GCGAG	90	1.6852841	8.73773	4
CATGC	125	1.6788596	12.534365	6
CCAGC	95	1.6781198	8.24266	1
TTTTG	205	1.6650655	7.5801096	7
GGTGC	85	1.6649934	9.140324	2
TGCTG	115	1.663531	20.249874	3
CTGTG	115	1.6635308	6.749957	2
GTGCA	120	1.6594007	12.905297	2
TTTGG	150	1.6497926	5.1322293	6
TGTGG	110	1.638292	6.949709	5
GCAGC	90	1.6368449	6.7892685	20-24
ACGGC	90	1.6368448	13.157496	95-97
CCCTA	125	1.6306051	6.917101	95-97
AAGAA	240	1.627934	6.3302894	3
TTCAA	225	1.6220654	10.091951	2
CAACC	130	1.6211349	5.818939	4
GCCTT	115	1.6157167	6.5559464	4
TCCCC	90	1.6152482	8.374613	3
CAGCT	120	1.6117054	6.267184	4
TGCAA	165	1.6107585	9.110548	3
TGGTT	145	1.5947994	5.1322293	1
GGCAG	85	1.5916572	8.73773	9
GCAGG	85	1.5916572	5.4047813	60-64
GGGGC	60	1.5914955	9.594724	95-97
ATGGC	115	1.590259	6.452648	1
TCCAT	160	1.5869521	9.256393	4
AAAGG	165	1.5853789	10.189771	95-97
TCCTC	115	1.5692769	8.914516	25-29
CTCTC	115	1.5692769	6.3995094	35-39
GGAGT	110	1.5661318	13.287204	1
TCCCA	120	1.5653809	7.1823587	95-97
AAAAG	230	1.5601034	6.3302894	1
TTTCA	205	1.5459759	7.0379615	1
CCATG	115	1.544551	12.534368	6
GGGGA	80	1.5423617	8.996306	2
AGGGG	80	1.5423616	10.223075	95-97
AGCAC	120	1.5407163	6.808113	95-97
TTCTT	195	1.5383193	7.3622384	4
TTCCA	155	1.5373598	9.256393	4
CTCCC	85	1.5255122	6.491948	95-97
TTGGA	145	1.5245548	5.332799	90-94
CGATG	110	1.5211173	12.905297	2
TGTGC	105	1.518876	7.670406	95-97
CTCCT	110	1.5010476	6.3675127	8
CCTCT	110	1.5010476	7.23581	95-97
TCTCC	110	1.5010475	12.7350235	7
CCATC	115	1.5001566	9.437285	95-97
CGAGG	80	1.4980303	5.686158	85-89
CCCAA	120	1.4964322	5.8189397	1
CAAAG	160	1.4931499	8.709264	4
AGAAA	220	1.4922727	9.495434	3
GTTTG	135	1.4848132	5.5583715	85-89
GCATC	110	1.4773966	12.534368	9
CAAGC	115	1.4765196	5.9911385	3
TGTTT	180	1.4620087	7.5801096	4
CGCCC	60	1.4581711	8.247505	90-94
CAGGC	80	1.4549731	6.578748	95-97
TTCCT	140	1.4525625	5.5016394	95-97
AGCTG	105	1.4519756	6.4526486	5
CATGG	105	1.4519755	6.452648	7
CCCCT	80	1.4357762	8.374613	4
CCCTT	105	1.4328182	12.735025	9
GGAGA	105	1.4290978	7.217021	95-97
AGGGA	105	1.4290978	9.846478	95-97
CCGGT	75	1.4268858	5.3533316	35-39
GTGCC	75	1.4268858	8.877608	3
AAAGA	210	1.4244422	6.3302894	1
GGATT	135	1.4194133	5.5751996	95-97
AGCTA	145	1.4155151	5.7239046	70-74
CAGCA	110	1.4123231	5.991139	7
CTGCA	105	1.4102422	6.267184	8
GCACT	105	1.4102422	6.267184	2
GGAAA	145	1.3932117	8.966998	4
GAAAG	145	1.3932117	13.450498	5
GAGCA	105	1.388022	6.168436	7
CTCCG	75	1.3858737	8.622444	2
GTTTT	170	1.3807861	7.5801096	5
CGCGC	55	1.3762128	7.222215	60-64
CCGGC	55	1.3762128	13.2680855	95-97
GCCGC	55	1.3762128	11.675915	9
TCAAC	145	1.3748295	13.273031	3
ATCCA	145	1.3748295	6.8594475	95-97
GGTTT	125	1.3748271	15.396688	4
TGGCG	70	1.371171	10.386731	95-97
TTCCC	100	1.3645886	7.235809	95-97
GCCAG	75	1.3640373	8.486585	1
AGAGG	100	1.3610456	6.350979	5
AGATG	135	1.356894	5.3296347	95-97
AAACA	205	1.3505597	6.1483407	1
TTCTC	130	1.3488082	9.682887	8
GCACA	105	1.3481266	11.982278	4
AAGAG	140	1.3451699	8.966998	8
TGCCA	100	1.3430878	12.534368	1
TCTCA	135	1.3389908	9.256393	1
ATCTC	135	1.3389907	5.5817447	35-39
ATATG	180	1.336054	6.927069	8
TCCTG	95	1.3347225	6.5559464	4
CATGT	130	1.3275558	5.096427	80-84
AGTTC	130	1.3275558	9.530319	3
TGATT	170	1.319968	7.2462363	9
TTGGT	120	1.3198339	5.1322293	7
TATTT	230	1.3188086	5.351209	3
AGCAT	135	1.3178934	9.110548	8
ATAGC	135	1.3178933	13.66582	6
GTGGG	65	1.3109089	9.410813	1
AATCA	190	1.3094127	6.431628	7
CCACA	105	1.3093781	6.612431	95-97
ACCAC	105	1.3093781	5.818939	3
GCTGT	90	1.3018938	7.670407	95-97
TTTCC	125	1.2969309	9.682887	9
CTCTT	125	1.2969308	5.712617	95-97
CCTGC	70	1.2934821	17.244888	1
GCCTC	70	1.293482	6.897954	25-29
ATTTT	225	1.2901388	8.0268135	7
CTTCA	130	1.2893986	9.256393	1
CGCGG	50	1.2881267	12.021441	8
GCGCG	50	1.2881267	12.021441	8
CACCC	75	1.2867525	9.097438	95-97
CCAGA	100	1.2839303	5.9911394	2
GAGTG	90	1.2813807	10.300159	95-97
AGTGG	90	1.2813805	6.643602	6
TTTGA	165	1.2811456	7.246237	2
TTGAT	165	1.2811455	8.234359	95-97
CCAAT	135	1.2800138	8.848688	1
AAATG	180	1.2772063	6.621959	9
AAGAT	180	1.2772063	6.621959	6
AGCTC	95	1.2759334	6.267184	9
ATCAA	185	1.2749543	6.4316273	8
GGCGT	65	1.2732302	9.140324	9
GCGTG	65	1.2732302	5.573368	45-49
GCTGG	65	1.2732302	9.140324	1
GGCCA	70	1.2731016	8.486586	5
GGCAC	70	1.2731016	8.486586	7
CGACG	70	1.2731014	8.486585	3
ACATG	130	1.2690824	10.352895	95-97
TGAAC	130	1.2690824	9.110546	2
GTTGG	85	1.2659528	5.65017	45-49
TTGGG	85	1.2659528	7.897396	95-97
TTGTG	115	1.264841	5.832079	95-97
GTCCT	90	1.2644739	7.449939	95-97
TCTTT	160	1.2622107	7.3622384	5
GAGTT	120	1.2617007	9.812351	3
CAATT	175	1.2616065	6.7279673	5
ATTAA	240	1.2575902	7.335288	9
GCAAG	95	1.2558293	7.009586	95-97
CAGAG	95	1.2558293	7.009586	95-97
GAAGA	130	1.2490864	5.0948853	95-97
TGGAC	90	1.2445506	6.6248965	55-59
GGCAT	90	1.2445506	6.4526486	1
GATGC	90	1.2445505	6.452648	3
GATCG	90	1.2445505	6.452648	5
TTTAG	160	1.2423229	7.246237	9
AATGA	175	1.2417284	6.62196	4
CTGGC	65	1.2366343	5.777185	85-89
GCCAC	70	1.2365092	9.366658	95-97
GTTCG	85	1.2295663	6.749958	3
CCTTC	90	1.2281299	6.3675127	2
TAGCT	120	1.2254362	9.530319	8
GGGAA	90	1.2249411	7.217022	95-97
GACCA	95	1.2197336	6.808112	95-97
ACCAG	95	1.2197336	5.991139	1
GAGGC	65	1.2171496	18.995064	90-94
GCCCC	50	1.2151426	11.34032	4
GTTGT	110	1.2098477	6.1772065	30-34
ATTGG	115	1.2091296	9.812349	7
CTAGC	90	1.2087791	5.0137467	10-14
GCTAC	90	1.2087791	6.267184	1
CCTCG	65	1.2010905	5.2575874	45-49
CGTCC	65	1.2010903	5.5331187	80-84
CCTTG	85	1.1942255	6.5559473	5
GCGGG	45	1.1936216	5.1841645	70-74
GTGTG	80	1.191485	6.94971	4
CACTT	120	1.190214	9.256393	7
ATCCT	120	1.1902139	9.256393	9
GGACA	90	1.1897331	6.168436	1
CTGGA	85	1.1754087	6.452648	2
GTGCG	60	1.1752894	10.386731	95-97
ACCTC	90	1.1740357	6.087049	8
AAATC	170	1.1715797	6.431628	6
GGCTT	80	1.157239	6.749958	3
CGGTT	80	1.157239	7.670407	95-97
AAGGG	85	1.1568887	7.217021	95-97
CCAAG	90	1.1555372	5.9911394	2
AGGAA	120	1.1530027	5.0948853	95-97
AGATT	155	1.150491	6.927069	7
CACCG	65	1.1481872	8.242659	5
CAGCC	65	1.1481872	8.242659	2
ACGCC	65	1.1481872	8.242659	1
TCCAG	85	1.1416247	6.267184	6
TAGCC	85	1.1416246	6.267183	1
GCGCT	60	1.1415087	8.877608	6
ATCAC	120	1.1377898	5.0276628	95-97
CAAAT	165	1.1371214	6.4316278	6
GCTTC	80	1.123977	7.4499397	95-97
GTTCC	80	1.123977	6.5559473	2
TTCGC	80	1.1239768	6.5559464	6
AGCAG	85	1.1236368	6.1684356	3
AAGGC	85	1.1236368	12.336872	5
GGAGC	60	1.1235228	8.73773	4
GGACG	60	1.1235228	9.929238	95-97
CGGAG	60	1.1235228	8.73773	1
GAGCG	60	1.1235228	8.73773	7
CTGAT	110	1.1233165	9.530319	3
TGTCA	110	1.1233165	9.53032	1
GCATA	115	1.1226499	9.110548	9
GCTTT	105	1.1216613	9.969433	4
TTATT	195	1.1181203	5.351209	2
CCACC	65	1.1151856	12.412008	95-97
CCCCA	65	1.1151856	8.005746	5
GTCCC	60	1.1086988	8.622442	2
GCCCT	60	1.1086988	8.622442	3
TGCCC	60	1.1086988	8.622442	2
AATGG	110	1.1056173	9.380157	3
TGAGA	110	1.1056172	9.3801565	6
GGTAT	105	1.103988	5.5751996	95-97
AGTTG	105	1.103988	9.81235	4
AGTGT	105	1.103988	9.81235	2
TGTGT	100	1.0998615	10.264459	5
GATAA	155	1.0998164	5.1333017	95-97
ATATT	200	1.0962785	7.6732645	5
CCCGC	45	1.0936285	11.340321	1
ATTTC	145	1.0934951	7.037961	9
GGGGG	40	1.0923952	5.138497	40-44
GCAAC	85	1.0913407	5.9911394	4
ACGCA	85	1.0913407	5.991139	1
CGGCA	60	1.0912299	8.486586	6
GCCGA	60	1.0912299	8.486586	1
TCACA	115	1.0903821	8.848688	9
TACCA	115	1.090382	5.027663	95-97
CAATC	115	1.0903819	8.848686	4
TTTAT	190	1.0894506	5.351209	1
CTTCT	105	1.0894219	9.682885	3
GAAGG	80	1.0888364	5.163398	45-49
TATTG	140	1.0870324	10.869354	6
GGTTC	75	1.0849115	6.749958	1
GCTTG	75	1.0849115	6.749958	1
TCATA	150	1.0813771	6.727968	3
TGGGC	55	1.0773487	10.386731	95-97
CACTG	80	1.0744703	6.267184	3
TCAGC	80	1.0744703	6.267184	9
CAATG	110	1.073839	9.110546	8
TACAG	110	1.073839	9.110546	6
AGCAA	115	1.0732015	8.709265	9
GCTAT	105	1.0722567	11.081767	95-97
TTCAG	105	1.0722567	5.4149537	95-97
TATGC	105	1.0722566	9.530317	9
TATAT	195	1.0688716	5.11551	7
TTTGC	100	1.0682489	9.969433	9
CCAAC	85	1.0599729	5.8189397	2
CACAC	85	1.0599729	5.818939	5
AGGCA	80	1.0575405	6.168436	6
AGGAC	80	1.0575405	6.1684356	8
ACAGG	80	1.0575404	6.1684356	1
AAGGA	110	1.0569192	5.0948853	95-97
TCTGC	75	1.0537283	6.5559464	1
TGTCC	75	1.0537283	6.5559473	1
TCCGG	55	1.046383	8.877608	1
TGGCC	55	1.046383	8.877608	4
CGTCG	55	1.046383	8.877608	3
GCCTG	55	1.046383	8.877608	2
GGCCT	55	1.046383	8.877608	1
GCCGT	55	1.046383	8.877608	3
TCGGC	55	1.0463829	8.877607	9
CCCAT	80	1.0435874	13.834204	95-97
TGGTG	70	1.0425495	6.94971	2
GTGGT	70	1.0425494	6.949709	6
AAGTT	140	1.0391532	7.87167	95-97
CAGTG	75	1.0371253	15.006159	95-97
AGTGC	75	1.0371253	6.452648	1
CGGGC	40	1.0305014	12.021441	6
AAGCC	80	1.0271442	5.9911394	1
GCCAA	80	1.0271441	11.982278	6
ACACG	80	1.0271441	5.991139	6
CTCGC	55	1.0163072	9.372221	90-94
CTTTG	95	1.0148364	9.969433	2
CTTGG	70	1.012584	6.7702675	30-34
TTGGC	70	1.012584	6.749957	7
TCAAT	140	1.0092852	6.7279673	7
GGTGG	50	1.0083915	5.912553	70-74
CACGT	75	1.0073159	5.147584	55-59
GCCAT	75	1.0073159	12.534368	5
TGATA	135	1.0020405	6.927069	4
GTATA	135	1.0020405	6.927069	6
CCGCG	40	1.000882	11.675914	7
AGGCC	55	1.0002941	8.486586	6
GTGAT	95	0.9988464	9.812351	6
GTAGT	95	0.9988463	5.5751987	95-97
GGATG	70	0.9966294	6.643603	1
GTAGG	70	0.99662936	5.1500793	95-97
ATAAG	140	0.9933826	7.524954	95-97
GGCAA	75	0.9914443	7.009587	95-97
AGAGC	75	0.9914443	9.563467	95-97
GAGAC	75	0.99144423	6.1684356	7
ACGAG	75	0.99144423	5.3522215	85-89
GTCTC	70	0.9834798	6.5559473	3
TGCTC	70	0.9834798	6.5559473	7
CGTTC	70	0.9834798	6.5559473	2
GGCTG	50	0.97940785	10.785043	95-97
GCGGT	50	0.97940785	9.140324	9
CCACT	75	0.97836316	6.0870495	3
CACCT	75	0.97836304	6.087049	9
GACAT	100	0.9762173	5.1764474	95-97
AATAT	185	0.96939266	7.335289	6
GGGTT	65	0.96808165	6.94971	3
TGCAG	70	0.9679837	6.4526486	9
CAGGT	70	0.96798366	6.452648	2
GTTAA	130	0.9649279	6.927069	2
CACAG	75	0.9629476	5.991139	3
AGCCA	75	0.9629476	5.991139	2
TGTTC	90	0.961424	5.8816714	95-97
TTTCG	90	0.961424	5.6644506	95-97
ATTTA	175	0.9592438	5.11551	4
AGATA	135	0.95790476	7.524955	95-97
GGTAA	95	0.9548512	5.086853	85-89
AGTGA	95	0.9548512	9.3801565	5
CTCGG	50	0.9512572	10.088191	95-97
CCGTG	50	0.9512572	8.877608	4
GCTCG	50	0.9512572	9.649574	90-94
ACATC	100	0.9481582	5.0276628	95-97
ATTCT	125	0.9426682	7.037961	7
GTGCT	65	0.94025666	6.749958	4
TTCGG	65	0.94025654	6.749957	8
GACGG	50	0.9362689	9.929238	95-97
ACACC	75	0.93527013	6.6124306	95-97
AGACA	100	0.9332188	8.709265	9
AATGT	125	0.9278153	6.927069	1
AGTTA	125	0.92781526	6.927069	1
ACAGT	95	0.9274064	9.110546	7
TGAGG	65	0.9254415	5.764514	85-89
GACAG	70	0.9253479	6.1684356	2
CCGTC	50	0.9239157	8.622442	4
CTGCC	50	0.9239157	8.622442	1
GAAAT	130	0.92242676	6.621959	4
TAGAA	130	0.9224267	6.621959	2
GTCAT	90	0.9190772	9.53032	2
CCGTT	65	0.9132312	6.5559464	6
CCAGG	50	0.90935826	9.643847	95-97
ACGCG	50	0.9093582	8.486585	9
TCTTG	85	0.90801156	5.999659	30-34
CCGGG	35	0.90168864	12.021441	1
CTACA	95	0.90075046	8.848688	5
GGCTA	65	0.89884204	5.678899	90-94
GAGTC	65	0.89884204	6.4526486	2
GCGAT	65	0.89884204	7.6137447	95-97
AGGCT	65	0.89884204	6.4526486	2
TGAGC	65	0.898842	6.452648	1
GAACC	70	0.89875114	5.9911394	3
GTTTA	115	0.8929196	7.246237	5
TATCC	90	0.89266044	5.259314	95-97
ACTTC	90	0.89266044	9.256393	2
TTAAG	120	0.89070266	10.390604	3
AAAGT	125	0.8869488	6.621959	6
ATAGA	125	0.88694876	6.621959	1
CGCCA	50	0.8832209	16.485317	9
CGGTG	45	0.8814671	9.140324	1
AATGC	90	0.8785956	9.110548	9
TTTAA	160	0.87702286	5.11551	6
GGCCC	35	0.8757718	11.675915	7
GCGCC	35	0.8757718	11.675915	7
CCAGT	65	0.8730071	6.2671843	1
ACCGT	65	0.8730071	6.267184	5
ACCCA	70	0.8729188	5.818939	3
ATGTC	85	0.86801726	9.530319	2
GTTGC	60	0.86792916	13.499914	5
TACTT	115	0.86725473	7.037961	1
GCAGA	65	0.85925174	6.168436	1
AGCGA	65	0.85925174	6.168436	8
GCGAA	65	0.85925174	5.035458	50-54
TGCGC	45	0.8561315	8.877608	6
TTGCT	80	0.8545991	9.969433	2
TGTCT	80	0.8545991	9.969433	7
GTGAA	85	0.85434055	5.329634	95-97
GTGAG	60	0.85425377	6.643603	4
TTATG	110	0.854097	7.246237	8
GATTA	115	0.8535901	6.927069	8
TTACC	85	0.8430683	5.259315	95-97
CTCTG	60	0.84298265	6.5559464	4
CTGTC	60	0.84298265	13.111893	6
CGGGA	45	0.84264207	8.73773	2
GGGAC	45	0.84264207	5.686158	85-89
AGCGG	45	0.84264207	8.73773	8
GTTAG	80	0.8411337	7.6064734	95-97
ACAGC	65	0.83455455	6.2998304	75-79
TCCCG	45	0.8315242	8.622444	7
TCCGC	45	0.8315241	8.622442	1
CGCCT	45	0.8315241	8.622442	3
CTAGG	60	0.82970035	6.4526486	1
GAGCC	45	0.81842244	8.486586	2
GATAT	110	0.8164774	7.87167	95-97
TCCGA	60	0.8058527	7.1217995	95-97
GCTCA	60	0.8058527	6.267184	9
TCGAC	60	0.80585265	6.267183	2
ATCGC	60	0.8058526	6.2671824	1
GTCTG	55	0.7956018	6.749958	8
CCCAG	45	0.79489887	8.24266	5
CCGAC	45	0.7948988	8.242659	2
ACCGC	45	0.7948988	8.242659	5
CTCAT	80	0.79347605	10.51863	95-97
TCGGG	40	0.7835263	9.723748	80-84
GGGCT	40	0.7835263	10.785043	95-97
AGGGT	55	0.7830659	6.643602	8
AAGTA	110	0.780515	6.62196	7
CCTGT	55	0.77273417	6.5559473	1
TCTCG	55	0.7727341	6.5559464	4
TTCCG	55	0.7727341	7.449939	95-97
TCGTC	55	0.7727341	7.126029	90-94
CGAAC	60	0.77035815	5.9911394	6
GACAC	60	0.77035815	5.9911394	5
GTGTT	70	0.7699032	10.264459	6
TATTA	140	0.767395	5.11551	8
CGGCT	40	0.7610058	8.877608	7
GGTCC	40	0.7610058	8.877608	9
TCAGG	55	0.76055866	7.332556	95-97
CTTAT	100	0.7541346	7.037961	4
CCCGG	30	0.7506616	11.675917	4
GCCCG	30	0.75066155	11.675914	3
GCGGA	40	0.74901515	8.73773	9
CAGGG	40	0.7490151	8.737729	4
TCGCA	55	0.7386983	6.267184	2
CCGAT	55	0.7386983	12.534368	1
CATCG	55	0.73869824	6.267183	1
GTGTA	70	0.7359921	9.812351	8
GACGC	40	0.7274866	6.5787487	95-97
GACCG	40	0.72748655	8.486585	3
AGCCG	40	0.72748655	8.486585	6
ACGGA	55	0.72705907	6.1684356	1
TGCGT	50	0.72327435	6.749958	1
TACTA	100	0.720918	6.7279673	3
CCTAC	55	0.71746624	6.087049	4
ACTTG	70	0.71483773	5.4149537	95-97
ATTGC	70	0.7148377	9.530317	1
CCGCA	40	0.7065767	8.242659	2
CGACA	55	0.70616156	6.4076357	80-84
ACCGA	55	0.70616156	5.991139	4
AACCG	55	0.70616156	5.991139	4
TGTAA	95	0.70513964	6.927069	1
TAAGG	70	0.7035746	9.3801565	4
TTGCC	50	0.70248556	6.5559473	1
TGCCT	50	0.70248556	6.5559464	5
CGTGA	50	0.691417	6.4526486	5
CGTAG	50	0.691417	7.332556	95-97
GCAGT	50	0.691417	7.332556	95-97
GTAGC	50	0.6914169	6.452648	7
ACGTG	50	0.6914169	7.3325553	95-97
TGCGG	35	0.6855855	9.140324	8
CCTGA	50	0.67154396	7.1218	95-97
CGTCA	50	0.6715439	6.267184	1
AGTCC	50	0.6715439	12.534366	7
TGGGT	45	0.6702103	6.949709	2
GGCTC	35	0.6658801	8.877608	8
TCAGT	65	0.663778	5.4149547	95-97
TAACC	70	0.6637108	8.848687	4
GAAGC	50	0.6609629	6.168436	7
CGAAG	50	0.6609628	6.1684356	6
AGGGC	35	0.65538824	8.73773	9
TTGCG	45	0.6509469	6.749958	5
GTGTC	45	0.6509469	6.749958	3
CGTTG	45	0.6509469	7.258019	85-89
TCTGG	45	0.65094686	6.749957	9
TCGGT	45	0.6509468	6.7499566	9
CCGCT	35	0.646741	5.6913815	90-94
CAGAC	50	0.6419651	5.991139	8
TCTAT	85	0.6410144	7.037961	9
GAGGT	45	0.64069027	7.549548	95-97
CAGCG	35	0.6365507	9.6438465	95-97
GTAAT	85	0.6309144	6.927069	9
GCTGA	45	0.6222753	6.4526486	6
GTACG	45	0.62227523	6.452648	2
AGCCC	35	0.6182546	8.242659	2
CTAAC	65	0.61630285	5.027663	95-97
ACACT	65	0.61630285	8.848687	6
ATCTA	85	0.6127803	6.7279673	8
TTGAC	60	0.6127181	9.530319	3
GGGTG	30	0.60503495	9.410815	9
CGCAT	45	0.60438955	6.267184	2
CAGTC	45	0.6043895	7.1217995	95-97
TGACC	45	0.6043895	6.267183	2
ACCTT	60	0.595107	5.259315	95-97
CGAGA	45	0.5948666	6.168436	5
AACGG	45	0.5948665	6.704821	90-94
GTCGG	30	0.5876447	9.140324	4
CACTC	45	0.58701783	6.087049	4
TGGTC	40	0.5786195	7.3369107	90-94
CAACG	45	0.57776856	5.991139	4
CCGAA	45	0.57776856	5.991139	5
CGCTG	30	0.57075435	8.877608	7
GGGTA	40	0.56950253	6.643603	4
AGTAA	80	0.5676472	6.621959	8
TCCGT	40	0.5619884	6.5559464	3
ATTCG	55	0.56165826	5.4149537	95-97
TGACT	55	0.56165826	5.4149537	95-97
ATAGT	75	0.55668914	6.927069	5
GTCGA	40	0.55313355	6.4526486	1
GGACT	40	0.55313355	6.4526486	7
ACGGT	40	0.55313355	6.452648	2
ATCGG	40	0.5531335	10.004106	95-97
AGCGC	30	0.54561496	8.486586	5
ACCGG	30	0.5456149	8.486585	6
CGTAC	40	0.53723514	6.267184	1
GACCT	40	0.53723514	6.267184	1
ACGTC	40	0.5372351	6.267183	2
GTCTT	50	0.53412443	5.6644506	95-97
CGACC	30	0.52993256	8.242659	3
TACCC	40	0.5217936	6.0870485	3
CACTA	55	0.52148706	5.027663	95-97
CGCAA	40	0.51357204	5.991139	8
GCTTA	50	0.5105984	5.4149547	95-97
CGTGT	35	0.50629205	6.749958	1
CTGGT	35	0.506292	6.7499566	1
CGTCT	35	0.49173987	7.126029	90-94
CGGGT	25	0.48970392	9.140324	3
GTAAC	50	0.4881086	9.110546	2
GTCAG	35	0.48399186	6.4526486	8
GACGT	35	0.48399186	6.4526486	4
TCGGA	35	0.48399183	7.6137447	95-97
TAGCG	35	0.48399183	6.452648	7
CTGCG	25	0.4756286	8.877608	7
AACTC	50	0.47407913	5.027663	95-97
CTACG	35	0.47008073	6.267184	9
CTGAC	35	0.4700807	6.267183	6
AGACG	35	0.46267396	6.1684356	3
AAGCG	35	0.46267396	6.1684356	4
CGGAC	25	0.45467913	5.006835	95-97
CCGGA	25	0.45467913	8.486586	8
GTCGT	30	0.4339646	7.670407	95-97
ACCCC	25	0.4289175	8.608328	85-89
TAGGG	30	0.42712685	6.643602	5
TACAC	45	0.42667118	8.848686	9
CTGAG	30	0.41485015	5.0020533	95-97
CGGAA	30	0.39657772	6.168436	9
TGTCG	25	0.36163718	6.749958	8
TACGT	35	0.35741886	10.829907	95-97
GACCC	20	0.35328835	8.242659	1
GCGTA	25	0.3457085	6.4526486	2
CGAAT	35	0.34167606	5.1764474	95-97
CGTTA	30	0.30635908	5.4149547	95-97
TATCG	30	0.30635905	5.4149537	95-97
GTCCG	15	0.28537717	17.755217	8
ACCTG	15	0.20146318	6.267184	1
>>END_MODULE
